1 0.0453125 0.5765625 0.0609375 0.0890625
1 0.1578125 0.575 0.0453125 0.0734375
1 0.21640625 0.56640625 0.0453125 0.09375
1 0.27421875 0.56640625 0.0515625 0.09375
1 0.33203125 0.55703125 0.0453125 0.0984375
1 0.38515625 0.565625 0.0546875 0.0828125
1 0.446875 0.56640625 0.0546875 0.084375
1 0.5578125 0.56796875 0.0546875 0.0875
1 0.61640625 0.56875 0.0609375 0.0828125
1 0.68125 0.55390625 0.05 0.0828125
1 0.50234375 0.56328125 0.040625 0.0828125
1 0.73203125 0.56953125 0.0515625 0.0828125
1 0.84140625 0.57109375 0.059375 0.090625
1 0.953125 0.571875 0.0578125 0.0859375